+--------+-----------------+----------------+-------------------+
|   Time |   No Resistance |   Linear Model |   Quadratic Model |
+========+=================+================+===================+
|      0 |           0     |        0       |           0       |
+--------+-----------------+----------------+-------------------+
|      1 |           9.815 |        9.34021 |           9.78301 |
+--------+-----------------+----------------+-------------------+
|      2 |          19.63  |       17.7916  |          19.3771  |
+--------+-----------------+----------------+-------------------+
|      3 |          29.445 |       25.4387  |          28.6076  |
+--------+-----------------+----------------+-------------------+
|      4 |          39.26  |       32.3581  |          37.3263  |
+--------+-----------------+----------------+-------------------+
|      5 |          49.075 |       38.619   |          45.4195  |
+--------+-----------------+----------------+-------------------+
|      6 |          58.89  |       44.2841  |          52.8116  |
+--------+-----------------+----------------+-------------------+
|      7 |          68.705 |       49.4102  |          59.4644  |
+--------+-----------------+----------------+-------------------+
|      8 |          78.52  |       54.0484  |          65.3728  |
+--------+-----------------+----------------+-------------------+
|      9 |          88.335 |       58.2452  |          70.5582  |
+--------+-----------------+----------------+-------------------+
|     10 |          98.15  |       62.0426  |          75.0622  |
+--------+-----------------+----------------+-------------------+
|     11 |         107.965 |       65.4787  |          78.9392  |
+--------+-----------------+----------------+-------------------+
|     12 |         117.78  |       68.5878  |          82.2506  |
+--------+-----------------+----------------+-------------------+
|     13 |         127.595 |       71.401   |          85.0602  |
+--------+-----------------+----------------+-------------------+
|     14 |         137.41  |       73.9465  |          87.4306  |
+--------+-----------------+----------------+-------------------+
|     15 |         147.225 |       76.2498  |          89.4209  |
+--------+-----------------+----------------+-------------------+
|     16 |         157.04  |       78.3339  |          91.0855  |
+--------+-----------------+----------------+-------------------+
|     17 |         166.855 |       80.2196  |          92.473   |
+--------+-----------------+----------------+-------------------+
|     18 |         176.67  |       81.9259  |          93.6264  |
+--------+-----------------+----------------+-------------------+
|     19 |         186.485 |       83.4698  |          94.5828  |
+--------+-----------------+----------------+-------------------+
|     20 |         196.3   |       84.8668  |          95.3744  |
+--------+-----------------+----------------+-------------------+
|     21 |         206.115 |       86.1309  |          96.0286  |
+--------+-----------------+----------------+-------------------+
|     22 |         215.93  |       87.2747  |          96.5685  |
+--------+-----------------+----------------+-------------------+
|     23 |         225.745 |       88.3096  |          97.0136  |
+--------+-----------------+----------------+-------------------+
|     24 |         235.56  |       89.246   |          97.3802  |
+--------+-----------------+----------------+-------------------+
|    inf |         inf     |       98.15    |          99.0707  |
+--------+-----------------+----------------+-------------------+


+--------+-----------+------------+---------------+
|   Mass |   Gravity |   K Linear |   K Quadratic |
+========+===========+============+===============+
|     10 |     9.815 |          1 |          0.01 |
+--------+-----------+------------+---------------+
